76561198807090846
76561199436369997
76561198974452727
76561199130958067
76561199208556639
76561198884509845
76561199125590237
76561199052931386
76561198863119120
76561198855207162
76561199046978307
76561199074257343
76561199081155400
76561199478223698
76561198433153118
76561199115774237
76561199050898348
76561199018061223
76561199121660492
76561198802095220
76561199231263379
76561198869819486
76561199352431276
76561198373839594
76561198362306920
76561199067143664
76561198817573115
76561198983189471
76561199085309255
76561199214453512
76561198989060775
76561198410023061
76561198971106297
76561199262416725
76561198864227139
76561198119099934
76561199389719854
76561199235485925
76561198412509145
76561199032985573
76561199124427981
76561199008619196
76561198269181594
76561199055949737
76561199109144260
76561198799712036
76561198360203281
76561199108937030
76561199160287595
76561198973672781
76561198843023380
76561199042431806
76561198398602829
76561198360296147
76561199075111812
76561199467534410
76561199025083372
76561198840468069
76561198850774851
76561198829491742
76561198985823553
76561199077427597
76561198412079070
76561199082678651
76561199036627796
76561198847286420
76561199010465968
76561198319372267
76561199492201517
76561199049685540
76561199087298301
76561199120860345
76561198988593176
76561199152377409
76561198442601295
76561199124072308
76561199217062011
76561198438935234
76561199213708544
76561199046261909
76561199474275068
76561198799077291
76561198973124407
76561198419563841
76561199134986707
76561198859838114
76561199106653368
76561198370904181
76561198876424987
76561198801272025
76561199043177302
76561199354645030
76561199014674729
76561199062272304
76561199486609430
76561199005163621
76561198848146214
76561198450102763
76561198893024830
76561198847870137
76561199241640449
76561199016921297
76561198977031440
76561199491474665
76561198882125737
76561199107901319
76561198868156766
76561199057148493
76561199489536886
76561199052731794
76561199075693980
76561199225407196
76561198997697778
76561199030799083
76561199029268278
76561198866629340
76561198406350248
76561198392783486
76561199153568041
76561198951337694
76561199204307410
76561198401511232
76561199085917970
76561199124463456
76561198362268012
76561199230028593
76561198395790179
76561198398440968
76561199057241443
76561199192676651
76561198854812566
76561198390041958
76561198964596347
76561198846149459
76561198400968055
76561198967643054
76561198448375752
76561199148136414
76561199141831809
76561199150374282
76561199013557827
76561199082836362
76561198874606898
76561198987627991
76561199204702574
76561198409605465
76561198875957794
76561199219893930
76561199047240420
76561199444489378
76561198871505537
76561199004701623
76561199260847949
76561198393236713
76561199118508918
76561198841967373
76561199201255198
76561199106265817
76561198369133559
76561199109139206
76561198802245102
76561198408383561
76561198797949122
76561199009935005
76561198412601483
76561199229698358
76561198875090622
76561199018189804
76561199375854131
76561199050385890
76561199386818554
76561198850969819
76561198449836925
76561198927643158
76561198864160579
76561198412436174
76561199259260944
76561199077906077
76561199189342116
76561198443814475
76561199054067661
76561199144340331
76561198361298044
76561199033123824
76561198884493593
76561198811804309
76561199143896019
76561199041767776
76561199111962623
76561199055118856
76561199496786315
76561198449293236
76561198731102496
76561198453702786
76561198886308378
76561198384311102
76561198379268640
76561199185153145
76561198408658193
76561198997093196
76561199131903049
76561198970557746
76561198839274620
76561198367583176
76561199069630567
76561198983315861
76561198972627706
76561199135314627
76561198981417585
76561198893925387
76561198408174772
76561198983072377
76561199064027430
76561199111916847
76561198201202239
76561198374962795
76561199426840445
76561199039830012
76561198973389708
76561199089818038
76561199101561413
76561198410397622
76561199113241167
76561199487877517
76561199209130516
76561199175393799
76561199061726552
76561199145614023
76561198881108115
76561199124251584
76561199387110144
76561199019078495
76561198804709249
76561199020237171
76561198394337476
76561198937229638
76561198862491971
76561199121876925
76561198998223853
76561199384518426
76561199070056225
76561199149822903
76561198380296720
76561199034533204
76561198851360658
76561198380350937
76561199231556641
76561198971957127
76561199107682593
76561198969583229
76561199347531460
76561198956586431
76561199111079845
76561199125669507
76561199068188353
76561198977360456
76561199127763077
76561198424986010
76561199024359636
76561199061082897
76561198364306575
76561198859273348
76561199243727514
76561199388245098
76561198833522414
76561199441475845
76561198355981671
76561198874054529
76561199179221089
76561198448184158
76561199027743960
76561198450601851
76561198374856040
76561199441546886
76561198414763525
76561199114321983
76561198985047367
76561199013061326
76561198269329139
76561199099739607
76561199009976111
76561198841828162
76561199148687159
76561198368400425
76561199087022240
76561199145184586
76561198964947549
76561198988751215
76561198420019329
76561199004237426
76561199026018507
76561198423627299
76561198958068347
76561198435614134
76561198354393345
76561198882221848
76561198889834276
76561198929446655
76561199349293431
76561198385024729
76561199213767916
76561198817543602
76561199048842696
76561199006232690
76561199125223402
76561199488412352
76561198995568303
76561198443929193
76561199070779093
76561198449985117
76561198929351852
76561198876025718
76561198859242714
76561198876634376
76561198409338174
76561198821954446
76561198391839807
76561199410837409
76561199198610164
76561198867601897
76561198416187226
76561199184867895
76561198805517555
76561199084165692
76561198828915604
76561198964420863
76561199224726181
76561199038286673
76561198449854221
76561199100783309
76561198425793510
76561198977255074
76561199050198712
76561199125027899
76561198868554205
76561199095279108
76561199488978413
76561199427994655
76561198828697865
76561199434411553
76561198366924812
76561198977721822
76561198819556606
76561198367835492
76561199487428937
76561199484354491
76561198917332797
76561199107074952
76561199221485180
76561199044834191
76561199095206699
76561199048326577
76561199131281271
76561199040439591
76561199131081076
76561198978055215
76561198875993771
76561198361779010
76561198840932700
76561199258373406
76561199006284781
76561199091945598
76561198425540395
76561198421791783
76561198873596568
76561199151349032
76561199125136847
76561199022927794
76561198974971270
76561199032323528
76561199262041445
76561198822734073
76561199446591820
76561199063644961
76561198965477558
76561199256730285
76561198971787221
76561199469624688
76561198373333192
76561198435401240
76561198393121934
76561198941616633
76561198356114441
76561199389221554
76561198897199243
76561198987521119
76561199400696688
76561198966527529
76561199078307018
76561199378628663
76561199073654863
76561198795775665
76561198445870823
76561198831888249
76561198865276407
76561198994151709
76561199427883913
76561198813702307
76561199015938694
76561198977661468
76561199016515739
76561198422376107
76561199091031087
76561198395253969
76561198872944110
76561199217414500
76561199163484777
76561198447456048
76561198453021565
76561199061893614
76561198967494019
76561198942175276
76561199134865712
76561199350827116
76561199002671958
76561199506044131
76561198795740783
76561198813863415
76561199494229568
76561198451289263
76561199111637816
76561198378423478
76561198302535900
76561198821689239
76561198441155500
76561198830882859
76561199285386751
76561199021203415
76561198847724495
76561198978895769
76561199129039404
76561199053240518
76561198975936900
76561199231493659
76561198823831407
76561198872122616
76561198972699869
76561198983664984
76561199134141906
76561198885814103
76561198959307349
76561198382834392
76561199021320313
76561199433127253
76561198879398012
76561199006672746
76561198399306761
76561199474088447
76561199007229355
76561199482391502
76561198449464775
76561199178747110
76561198445075432
76561198362074290
76561199057140057
76561198373335553
76561199271730914
76561199038391732
76561198388507631
76561198880708300
76561199079492964
76561199100329023
76561199057715399
76561199375229889
76561198982439693
76561198873240216
76561199018670457
76561198816979151
76561199070034137
76561198977013944
76561198851986490
76561199121437985
76561198963701488
76561198362346281
76561199074614630
76561198884687180
76561198988353364
76561198844332737
76561198856781139
76561199388600884
76561199076909355
76561199086001665
76561199088143671
76561199050640575
76561198967207935
76561198965752959
76561199127041100
76561199398567009
76561198872088819
76561198826610378
76561198799631924
76561198370199134
76561199087259515
76561199005448953
76561198821442626
76561199034417705
76561199027434586
76561199083562478
76561199061276379
76561198845268852
76561199248592194
76561198393687101
76561199030089291
76561198261104758
76561199208950106
76561198362731775
76561199031298627
76561199148056256
76561199435712298
76561199417443970
76561199138241058
76561198420292852
76561199190274790
76561199082733795
76561199040719866
76561199085337216
76561198375866015
76561199386527831
76561199027225241
76561199351970060
76561199152964012
76561198940670036
76561199052438341
76561199196232981
76561198872221308
76561199154858554
76561199144105482
76561199014672267
76561198887047650
76561198147645579
76561199133616885
76561198939552694
76561199026428488
76561198826440620
76561198993381118
76561199482183227
76561199079779270
76561199106073575
76561199053916492
76561198435416265
76561198893800375
76561199091762974
76561198980960985
76561198389478709
76561198294011961
76561199049719735
76561198797338886
76561198761822913
76561199498364792
76561199062589748
76561198382385600
76561198392769267
76561198850218019
76561198843625880
76561199166190439
76561198802145290
76561199154250955
76561198992901750
76561198869971893
76561198378816419
76561199196989268
76561198362153597
76561198984321562
76561199163655676
76561199118619258
76561199371605829
76561199435894557
76561198389263561
76561199046342289
76561199144180633
76561198406364869
76561198366089436
76561198403690149
76561199208397340
76561199000120275
76561199121809862
76561199169158233
76561199110449821
76561199184868947
76561199141652826
76561198829536360
76561198389943369
76561199138532601
76561199057282154
76561198828871027
76561198819949442
76561199101712818
76561199102654564
76561199147199727
76561199495596813
76561199370827033
76561199494617961
76561198834166764
76561199144589753
76561199058346960
76561198981899139
76561199018400990
76561198989923157
76561199102153497
76561199091749116
76561198828303374
76561198977127282
76561199239132821
76561199060927382
76561198997841460
76561199475993966
76561198364134908
76561198258409235
76561199116868755
76561198876169463
76561198847577773
76561198399091563
76561199001957264
76561199108668396
76561198370152190
76561199175651447
76561199058159530
76561198373395606
76561198117731287
76561199480548545
76561199151905888
76561199084966437
76561199112571025
76561199065818378
76561199171629321
76561198450199642
76561199085404442
76561198401650324
76561199113984459
76561198365933052
76561199229298382
76561199035681284
76561198998416874
76561199315866721
76561199002733596
76561199091573296
76561198857446448
76561198923948750
76561199010214288
76561198441429678
76561199030130869
76561198855546429
76561198807486173
76561199198292170
76561198991051614
76561199060225129
76561198801510663
76561199070029362
76561198874114173
76561198394326558
76561198209773256
76561199000801256
76561198148954071
76561198376490411
76561199261302659
76561199059800645
76561199015246022
76561198391447130
76561199018984986
76561198369402154
76561199041463286
76561198139144278
76561199114409145
76561199506769408
76561198849253734
76561198799308666
76561198872639240
76561198814995024
76561199507453539
76561199053330922
76561198956661322
76561199034221911
76561198852214595
76561199505350393
76561199164127419
76561198365219820
76561198393029382
76561199059547071
76561198424460484
76561199236440250
76561198835272909
76561199106102258
76561198830982638
76561199129880961
76561199081693163
76561198930467966
76561199019264021
76561199032287810
76561198966214334
76561198368439355
76561199489585662
76561198888917612
76561198818027520
76561199014142036
76561199128917947
76561199232954774
76561199011396239
76561198443128726
76561198978061267
76561199064698193
76561198378166138
76561198264503827
76561198289820033
76561199095287682
76561198993737564
76561198868535351
76561198407749055
76561199052805375
76561199022228491
76561199005329891
76561199150352549
76561199436074339
76561199108301531
76561199052484622
76561199476520295
76561198383936630
76561199234486043
76561199474323766
76561199053029604
76561198817451034
76561199091981020
76561198840143531
76561198855910625
76561199486641012
76561198802402594
76561198869368176
76561198386926856
76561199080684473
76561198820121261
76561198806164235
76561199055903023
76561198976470792
76561199389040560
76561199117977112
76561198452427505
76561198420466149
76561199219164266
76561198988770050
76561199014136880
76561198797255872
76561199006730750
76561198856210344
76561198430264111
76561199465735575
76561198408652319
76561198417795324
76561198872062651
76561198282293177
76561198994615326
76561198951180391
76561199011637315
76561198393158050
76561198872094171
76561198890966096
76561199208277889
76561198864901178
76561198409544203
76561199516530863
76561198930875339
76561198202815221
76561199177150362
76561198425341663
76561198426104529
76561198983501650
76561198991457503
76561199209441743
76561198853451438
76561199223262321
76561199382737081
76561199050024537
76561199473796842
76561199447376867
76561198923530300
76561199102502952
76561198384472668
76561199079237368
76561199097986168
76561198797754344
76561198366131505
76561198386886672
76561198429460713
76561198845214478
76561198736535721
76561198806248080
76561199009302918
76561199491699486
76561199385157987
76561198386575548
76561198382943843
76561199146412328
76561199104929937
76561198861078484
76561198423553766
76561198857785081
76561198365428557
76561199077218009
76561198881350736
76561199009793150
76561198837265507
76561199062489084
76561198821272962
76561198396438742
76561198840966717
76561199068186538
76561198359947241
76561198362948722
76561199166298063
76561198426879851
76561199197571084
76561198214500700
76561198993157279
76561199033659779
76561198401131883
76561199244829057
76561199077362334
76561199103852033
76561199427451354
76561199089491677
76561198840875889
76561199094056456
76561199395217897
76561198374506693
76561198391674989
76561199171162758
76561199059109339
76561198395158373
76561198998161968
76561199212770798
76561199040205999
76561199219701231
76561198409815009
76561198399823329
76561198886170672
76561198874491618
76561198979155698
76561199019570236
76561199193044864
76561199101350675
76561198386393457
76561198962337533
76561198991403405
76561198999044274
76561198829950625
76561198407103310
76561199026689760
76561198386162449
76561199162230467
76561199083765276
76561198851461406
76561198382474074
76561199091500418
76561198391368909
76561199512100611
76561199001965017
76561198399002704
76561198403474545
76561198994429420
76561199440334718
76561199478434917
76561198408183260
76561199051531552
76561199116726135
76561198825625581
76561199090904141
76561199237294846
76561198955106536
76561198796418267
76561198155623136
76561198914741688
76561199414470645
76561198873585731
76561198428466703
76561199109528974
76561198825236532
76561198880343660
76561199474032615
76561199005956833
76561198868898467
76561199163002510
76561199140851045
76561199220658294
76561199052835528
76561199040681379
76561199099045405
76561199088818369
76561198832746032
76561198972685578
76561199006299646
76561198842993853
76561198393908326
76561198950656612
76561199082092116
76561198432032853
76561198957634293
76561199434846346
76561199075693774
76561198866855365
76561198969504437
76561199091524212
76561199121765396
76561198407159102
76561198350575563
76561199477281826
76561199334890150
76561198382502708
76561198831713686
76561199116694619
76561199007027082
76561199037705577
76561198960572993
76561199106323439
76561198875868859
76561198829428978
76561199061225393
76561198854835011
76561199024733065
76561198808163075
76561198137903555
76561198436396348
76561198407004066
76561198797308159
76561198865147952
76561199014968151
76561199012075630
76561198969588706
76561199443371812
76561199054996829
76561199129993018
76561199220469099
76561199151886909
76561198370511803
76561199444252859
76561198841566258
76561198803042178
76561199190677093
76561199002124387
76561198842668989
76561199369597781
76561199040966719
76561198402905837
76561198983989452
76561198990282810
76561199099235413
76561198428224087
76561198984643044
76561198362586159
76561199216863076
76561199003190502
76561198431028276
76561198981525232
76561198833116881
76561198393934640
76561199061546912
76561199084441163
76561199089195343
76561199055363575
76561198869430848
76561198974118381
76561198396106270
76561199022768577
76561198423018525
76561198859651558
76561199380418646
76561199032306599
76561199212068737
76561198880340446
76561199148190331
76561198849783294
76561198878104704
76561198881179531
76561199124496282
76561198866921672
76561199152773823
76561198403026913
76561198888080719
76561199213080016
76561199134268326
76561199368882731
76561199112454881
76561198817598947
76561199377993195
76561199349200589
76561198403742027
76561198800658278
76561198371226801
76561198801754396
76561199087684484
76561199010465989
76561198806405562
76561198366734333
76561198851229375
76561199062992328
76561199013573835
76561198852922610
76561198809499095
76561199235495627
76561198952152028
76561199048429182
76561199069110036
76561199217688088
76561198834475693
76561199167538003
76561198853586236
76561198834542808
76561199238734126
76561199051218711
76561198378244983
76561199119653207
76561199012769219
76561198935769012
76561199106913536
76561199159690992
76561198830284467
76561199480472421
76561198812365949
76561199154244873
76561198837720515
76561199210439467
76561199001351626
76561199002031077
76561198871001545
76561199381063819
76561199476202191
76561199225975372
76561198434020529
76561198841896348
76561198981962729
76561199164155685
76561198957949222
76561199135618979
76561199123427136
76561199340439759
76561199104837920
76561198436251111
76561198852148249
76561199386411286
76561198361991508
76561198888039299
76561198807512181
76561199201594672
76561198809499676
76561198821353077
76561199089013545
76561199073827175
76561198889608797
76561198902209648
76561199096437281
76561199060129444
76561198421843650
76561199178033144
76561199173409450
76561198247428140
76561199202082807
76561199196778240
76561198365701874
76561199033357848
76561198862248142
76561199219985105
76561199119520729
76561199403219795
76561199385816278
76561199211286569
76561199051271814
76561199485734140
76561198980564817
76561199263514365
76561199163667092
76561199213413423
76561199488114437
76561199075111295
76561199474064610
76561199220331896
76561198806964975
76561198844184063
76561198431947556
76561198362192570
76561198988428586
76561199022380072
76561198954278417
76561198376650830
76561198811827881
76561199104786987
76561198452385809
76561199173627968
76561199061134974
76561199087933771
76561199131139823
76561198875616387
76561199428033686
76561198417297917
76561199018078217
76561199503666390
76561198420159669
76561199057326332
76561198845018167
76561198379964094
76561199017082629
76561199471967113
76561198971253206
76561199005605197
76561199122235416
76561199026066742
76561198432336177
76561198989192229
76561199164908872
76561198979034610
76561198359297191
76561198951732129
76561198830818342
76561198891446729
76561199169507991
76561198367500341
76561199157476769
76561199487004912
76561199039255850
76561198451643195
76561199073302475
76561198951009369
76561199290563458
76561199110943786
76561198945950712
76561199043139157
76561198452980927
76561199086644930
76561198981780576
76561198863544086
76561199130601869
76561199168631227
76561199004379623
76561198383395939
76561199044285420
76561199469731628
76561199212644344
76561199127860464
76561199232029158
76561199093330033
76561198894062804
76561198419740221
76561198872715118
76561199236864797
76561198418959545
76561199195072692
76561198864471769
76561198407895250
76561199060682544
76561198865051922
76561199201728763
76561198900604024
76561199488893248
76561198984120952
76561198800901163
76561199059884179
76561199102771733
76561198996838207
76561198805524394
76561198356504862
76561199474062681
76561199151222657
76561198426851746
76561199386737432
76561199072878338
76561199153120160
76561199466088840
76561199493876743
76561198863582908
76561198872063701
76561199472121424
76561199005798557
76561199438984922
76561198841805398
76561199243687200
76561199059399659
76561198416756050
76561199000612385
76561199057910733
76561199216298655
76561198864236762
76561198858219491
76561198254042620
76561199156270914
76561198888961371
76561199415842513
76561198954970035
76561199135974537
76561198971313914
76561198841701105
76561199235774072
76561198392139890
76561199180518593
76561198875457165
76561199162612866
76561199130842179
76561198366181305
76561198448209588
76561199071588521
76561198392838826
76561199218571133
76561198989286259
76561199146363184
76561199261633916
76561199052452261
76561199230480464
76561198999040391
76561199060036273
76561198856361036
76561198849232805
76561199489298214
76561198262438575
76561199123176102
76561198855470123
76561199229778263
76561199100008230
76561198881881971
76561198375807591
76561199383359680
76561199030640192
76561199021431215
76561199092959859
76561198866122646
76561199382673684
76561199141035700
76561198395816156
76561199160586563
76561198875180864
76561199210644173
76561198901640735
76561198382929913
76561199047462531
76561199120863724
76561198992316144
76561199466265282
76561199499391612
76561199246359218
76561199204567278
76561199157730673
76561199474709508
76561199246537975
76561198380484412
76561199403572479
76561198282193675
76561198806225579
76561199125694250
76561199007224309
76561199092828145
76561199036221669
76561198838628499
76561198978382300
76561198946144098
76561198897925524
76561199146830738
76561198975436823
76561198861759465
76561199207083205
76561198982432091
76561199437007430
76561198941297935
76561198392653520
76561199094575163
76561199078177485
76561199455030747
76561199085744143
76561199051161717
76561199499125969
76561198963476689
76561199095109164
76561198380341259
76561198840440233
76561198982323071
76561199220953296
76561199219499210
76561198820070466
76561198818459798
76561199052576081
76561199199280100
76561199151890157
76561199129381035
76561199498550362
76561199025656461
76561199124194098
76561199076036177
76561199003835899
76561199231794494
76561199130008691
76561199073860462
76561199026991360
76561198863928721
76561199160646610
76561198439964041
76561199121584285
76561198989815298
76561198912912432
76561198876315552
76561199383262335
76561199509099974
76561198423360039
76561198837164110
76561199489481836
76561199248133079
76561199507250339
76561198988398810
76561198374878471
76561199019816126
76561199495934779
76561199046711827
76561198857806956
76561199031775864
76561199141944456
76561199054892097
76561198575956445
76561199060241188
76561198799932885
76561199126856418
76561198363584104
76561198449477233
76561199129909457
76561198403271341
76561198974739434
76561199126536432
76561199507980238
76561199044541726
76561198995838784
76561199494489818
76561198967219525
76561198437192233
76561199070705164
76561199384695284
76561198873149505
76561199040089612
76561199366027115
76561198895196461
76561198990888430
76561199219011220
76561198946843992
76561198992222231
76561198839683625
76561199038980147
76561198395474431
76561198439186624
76561199019938857
76561198973095829
76561199033027242
76561199056816883
76561198844353492
76561198956347871
76561198871456263
76561198981046890
76561198973896600
76561198813342150
76561198440343045
76561199102232125
76561198937528394
76561199063340094
76561199133338730
76561198380674996
76561198405697190
76561198362992652
76561199030280904
76561198362092141
76561198967559232
76561199046810390
76561199024182760
76561198803784907
76561199426978881
76561199127022251
76561199119558464
76561198422052956
76561199009699435
76561198399222104
76561198400236610
76561198996683836
76561199096180562
76561199383030856
76561198384778021
76561199220596341
76561198387200459
76561198371560958
76561199058291874
76561199094016623
76561198440301997
76561198852840204
76561198850491394
76561198841314855
76561199144226508
76561198877511944
76561198879199789
76561199060839213
76561198916738984
76561198394425250
76561199156208103
76561198930802668
76561199189349010
76561198455136892
76561198878101628
76561198127630910
76561198440038751
76561199140777406
76561198996809713
76561198253638166
76561198968193644
76561198401222338
76561199077154657
76561198413646562
76561199046971540
76561199467851759
76561198402854339
76561198798233741
76561199170670630
76561198382617423
76561198851466828
76561199097156735
76561198872784502
76561198957938604
76561199161384563
76561199085215375
76561198874409546
76561198802946990
76561199063688910
76561198829620618
76561199033637627
76561198943651540
76561199024906642
76561199477993713
76561198894021968
76561199052022484
76561199155131981
76561199046497643
76561199489258233
76561198432501503
76561198399499482
