76561199102336784
76561198359954894
76561199471431068
76561198856158081
76561198160049637
76561198813830686
76561198103158614
76561199045784440
76561199023535716
76561199390042381
76561199086717213
76561198387253543
76561198827742078
76561198410666429
76561199078151369
76561198253702457
76561198876475781
76561199098542279
76561198925470477
76561198904361906
76561199001728933
76561198965774274
76561198977593740
76561198859797629
76561198833584949
76561198247856564
76561199486660945
76561198380946971
76561199493034265
76561198936661773
76561199184898620
76561199086147809
76561199483044897
76561199037942416
76561198367602381
76561199034098626
76561198430353580
76561198942647094
76561198983466159
76561198837771929
76561198365219920
76561199116805960
76561199159815221
76561199417840634
76561198827629694
76561199029624034
76561198353971694
76561198308481063
76561199164192698
76561199128546327
76561198383023796
76561199500543268
76561198364924701
76561199075597410
76561199171802202
76561199024914369
76561199208981315
76561198809649807
76561199008630273
76561198421987959
76561198836754023
76561198967512315
76561198965712671
76561199437254343
76561198133596655
76561199134637122
76561199015885822
76561199061218624
76561199089805894
76561198089050455
76561198811232437
76561198380049645
76561198862943707
76561198157608273
76561199110138244
76561199128453586
76561198409918020
76561199478166694
76561198442962995
76561199145140308
76561199043557025
76561198403541957
76561199230101886
76561198808664637
76561198879802074
76561199189388114
76561199443909472
76561199110634791
76561198375445240
76561198374068596
76561198448279955
76561198435000563
76561199000175235
76561199234792710
76561198817565559
76561199217270696
76561198381300189
76561198847507595
76561199066911398
76561198442465086
76561198820042842
76561199168137739
76561199013840060
76561198860866262
76561199024389668
76561199063396465
76561198387383548
76561199086363409
76561198393016583
76561198398379116
76561199094520455
76561199478313131
76561198372110951
76561198986713030
76561198950093948
76561199005217600
76561198850394997
76561198833684287
76561199036443556
76561198082602750
76561198121242322
76561198825970654
76561198912179690
76561198109169655
76561199091894300
76561198870379308
76561198361074078
76561199195975379
76561199060026603
76561199373948345
76561198986206099
76561198732482450
76561199034680077
76561199001807922
76561199278418903
76561199436875312
76561198807507064
76561198398395756
76561199087416904
76561199035814449
76561199500351004
76561199071302438
76561199022886059
76561198880433231
76561198976076883
76561199229866665
76561199084980394
76561198417222934
76561198812883245
76561198855186345
76561198803093415
76561198398391680
76561198802217717
76561198245291806
76561198983055273
76561199139345875
76561198892787589
76561199278582843
76561198381344655
76561198976617222
76561199046177491
76561198357043673
76561199165102834
76561198981478959
76561198811004697
76561199130942984
76561199025019577
76561199226837189
76561198453958554
76561199086069437
76561199060880748
76561198945350764
76561199446111271
76561198811753514
76561199014276401
76561198438279202
76561199044243635
76561198435843490
76561198377366847
76561198990401903
76561198355170868
76561199002425203
76561199050475681
76561199030954746
76561198383225749
76561198438343513
76561198858242784
76561199044013709
76561199223672590
76561198899414732
76561199447297076
76561198391923826
76561198382817950
76561199118784581
76561199429023405
76561199151809642
76561199142227272
76561198806961002
76561199186346131
76561199023735818
76561199060379565
76561199041071277
76561198862607544
76561198846863110
76561199070963061
76561198969351265
76561198384143382
76561198391404212
76561199448761009
76561199022180715
76561198397856734
76561199140609035
76561199188699839
76561199084628916
76561199044031847
76561198422313382
76561198810155070
76561199468972801
76561198371053486
76561198797266041
76561199251452594
76561198371402029
76561199483573274
76561198385610988
76561199446300861
76561198822175911
76561198923803329
76561198387898441
76561198990457270
76561199054491256
76561198449030193
76561199046845511
76561198876542876
76561199043233008
76561199336789443
76561199239992178
76561199034803742
76561198972096687
76561198977740820
76561198394790395
76561198838270184
76561198186259022
76561199015669964
76561198106847975
76561199112997679
76561199002701339
76561199060591901
76561199123652862
76561198842186564
76561198970701627
76561198812915206
76561198947245368
76561198800399400
76561198390557573
76561199471891910
76561199238221379
76561198379353642
76561199054964057
76561198397205201
76561198835347066
76561198446029461
76561198866069300
76561199062263621
76561198374942570
76561199138060504
76561198088580740
76561198358582300
76561198821056692
76561199009440106
76561199064074605
76561199248767484
76561199115271143
76561198386656911
76561198358284934
76561199003972051
76561198860848942
76561198842893195
76561199468848184
76561199106030744
76561198417013229
76561199113804463
76561198358961754
76561199247801544
76561199082377507
76561198981860498
76561199053046244
76561199068766357
76561199229701362
76561199084206049
76561198371621148
76561198362092906
76561199230737783
76561198448149506
76561198813651685
76561199151603379
76561198433557991
76561198860564534
76561199130315716
76561198846084191
76561198405547933
76561199011274880
76561198246138254
76561199089112701
76561198808837840
76561198169449694
76561199112340518
76561198969829033
76561199023746220
76561199031977925
76561198151102462
76561198877489488
76561199100623959
76561199119282961
76561198997530357
76561198928582416
76561198096157290
76561198412355897
76561199102003988
76561198396593633
76561198369671300
76561199296145862
76561199000442784
76561198955351953
76561198433669558
76561198857084458
76561198996428845
76561199488181663
76561198367918604
76561199033272118
76561199150147204
76561199046245677
76561199035531287
76561199043952389
76561199270699453
76561198981194428
76561198814901331
76561198371974756
76561199236944627
76561198975505177
76561198962770108
76561199172696436
76561199086489085
76561198119129540
76561199411998662
76561199096353142
76561198398089455
76561198445492163
76561198993976939
76561199097544366
76561198975787503
76561199191556128
76561199310238043
76561199247377449
76561199197773804
76561198418919385
76561199072192668
76561199467715131
76561199492285450
76561199116658517
76561198382156808
76561198987570079
76561199075908263
76561199152491789
76561198995261090
76561198799369359
76561198978061256
76561199103017423
76561198830276232
76561198871210768
76561199038522088
76561198979154491
76561198815857146
76561198860442628
76561198802407259
76561198803634270
76561199484907690
76561198863092291
76561198391893370
76561199141353856
76561198380088257
76561198856579124
76561199084222293
76561198889302209
76561198446984075
76561199011370185
76561199036563255
76561198398057628
76561199181106481
76561199002095199
76561198444455438
76561198963096381
76561198852602673
76561198947884798
76561199108976417
76561198829379827
76561198303140863
76561199375521245
76561199185930443
76561198847640067
76561198998984397
76561198357184801
76561199018822137
76561198367230077
76561198408734186
76561198839414688
76561198396767578
76561198894644998
76561199123856144
76561199082545425
76561198375406647
76561198225831612
76561198421983598
76561198853616879
76561199380797231
76561198409712036
76561198316812897
76561199088287513
76561198932586315
76561198835354508
76561199190614841
76561198375654452
76561198455323211
76561198835948116
76561198363696332
76561198870820319
76561198402962842
76561198416473798
76561198846194766
76561198964333399
76561199165822244
76561198363646091
76561198813851317
76561199146830060
76561198880871010
76561198973189562
76561199076688010
76561198408273785
76561198093592132
76561198962461083
76561198160400843
76561198989380228
76561199485793096
76561198995641948
76561198935218594
76561199096694893
76561199232725446
76561199073187192
76561199114027457
76561199157583786
76561198855279545
76561198833682127
76561199375498424
76561198912873370
76561199215119999
76561198926597803
76561198880721686
76561198908768281
76561199514276560
76561198369156515
76561198396201909
76561199198232026
76561198371201013
76561199297450851
76561199112756072
76561199076164758
76561198430058159
76561198404217075
76561198394600228
76561198857134981
76561198400394049
76561199027173878
76561198409021683
76561199435207182
76561199017320080
76561198798663907
76561198994467310
76561198967047640
76561199181137132
76561198977754677
76561198392926723
76561198449535993
76561198810334097
76561198999315914
76561198966121352
76561198105230457
76561199081364265
76561198808049922
76561199060686593
76561198977071672
76561198862902670
76561199010357134
76561199020574631
76561199042743963
76561198838296118
76561199176489255
76561198423309896
76561198863366161
76561198446178515
76561199010636793
76561199044364449
76561198875966775
76561199428627344
76561198876433296
76561198408173506
76561199009327457
76561199114520921
76561199089488918
76561198883411923
76561198824917543
76561198841613010
76561198808558459
76561198850190497
76561198407514539
76561198799950965
76561199200544534
76561199071595394
76561198395158249
76561198382407953
76561198867955359
76561198419204279
76561198989378122
76561199052474282
76561199201691640
76561199075216546
76561199031142687
76561198815403681
76561199327085453
76561199021111335
76561198870540210
76561199191512367
76561198395141816
76561198378547399
76561198970221174
76561199156463165
76561198406329747
76561198799193172
76561199004814467
76561199214827374
76561198414191582
76561198813945971
76561198801812444
76561198365925981
76561198390175417
76561199096239725
76561199059654347
76561199095220104
76561199411709624
76561199013151971
76561199337645771
76561199126761966
76561198382396538
76561199081917037
76561199196435801
76561198394382614
76561199136609925
76561198802331596
76561198857717006
76561198249817040
76561198993016546
76561198840858834
76561199009158472
76561199106350248
76561199282413344
76561199039113962
76561198369743424
76561198380252536
76561198874378523
76561198430358847
76561198364935753
76561198855385817
76561199247818050
76561199168298113
76561198853726169
76561198367404952
76561198799485037
76561198410114610
76561199031855027
76561199108522911
76561199150108041
76561198371340529
76561198805782142
76561198366741943
76561198990652293
76561199432677134
76561198957286548
76561199137689759
76561199007046979
76561198398662247
76561199041483846
76561198823071877
76561198938329508
76561198871809509
76561198428110047
76561198367273799
76561198996547441
76561198836077665
76561198414422745
76561199144454551
76561198950915537
76561198391573786
76561199136013435
76561198874673785
76561199513929348
